HEADER_START
VERSION:1.0,DATE:2014-10-28,ID:101,WEIGHT:0
FIELDS:TIME_STAMP,STATE_MACHINE,REWARD,CAP_SENSOR_SIPPER,CAP_SENSOR_HANDLE,POS_X,POS_Y,POS_Z,FOR_X,FOR_Y,FOR_Z
HEADER_END
0,0,0,0,0,0,0,0,0,0,0
3105,0,0,0,0,-0.0260631,0.0154563,-0.00680708,7.87761,-2.4454,0.323218
3120,0,0,0,0,-0.0250183,0.0133859,-0.00613147,6.27466,-0.544242,0.783988
3136,0,0,0,0,-0.0239319,0.0114184,-0.00532938,6.32163,-0.414915,0.377237
3152,0,0,0,0,-0.0229561,0.00959165,-0.00461011,6.44691,-0.0192647,0.308541
3167,0,0,0,0,-0.0219952,0.0076568,-0.00393471,6.68075,0.386217,0.364561
3183,0,0,0,0,-0.0212005,0.00592412,-0.00333599,6.98782,0.580786,0.294334
3198,0,0,0,0,-0.0204445,0.00441147,-0.00290277,7.25823,0.312528,0.615911
3214,0,0,0,0,-0.019607,0.00287495,-0.00267947,7.14689,0.802234,1.00287
3230,0,0,0,0,-0.0187841,0.00165321,-0.00254705,7.12013,0.784885,1.13555
3245,0,0,0,0,-0.0179748,0.000879436,-0.002351,7.32644,-0.0228436,1.04702
3261,0,0,0,0,-0.0168182,0.000258266,-0.0019563,6.42717,-0.0811372,0.492636
3276,0,0,0,0,-0.0155673,-0.000155376,-0.00155841,6.25185,-0.411034,0.478588
3292,0,0,0,0,-0.0141973,-0.00048191,-0.00120638,5.86059,-0.456667,0.457057
3308,0,0,0,0,-0.0128199,-0.000816851,-0.000959296,5.49271,-0.271466,0.518088
3323,0,0,0,0,-0.011307,-0.00117118,-0.000673701,5.13465,-0.245197,0.401409
3339,0,0,0,0,-0.00992578,-0.00158135,-0.000424645,4.94935,0.103057,0.410431
3354,0,0,0,0,-0.00826647,-0.00196674,-0.000210544,4.21421,0.103951,0.430338
3370,0,0,0,0,-0.00679521,-0.00226887,1.61602e-005,4.09889,0.170327,0.37071
3386,0,0,0,0,-0.00545397,-0.00257375,0.000124302,4.04418,0.288336,0.534322
3401,0,0,0,0,-0.00389577,-0.00278903,0.000207285,3.4335,0.110507,0.515013
3417,0,0,0,0,-0.00276633,-0.00298126,0.000350374,3.63928,0.296326,0.370991
3432,0,0,0,0,-0.00159306,-0.00307374,0.000467492,3.69852,0.12079,0.4696
3448,0,0,0,0,-0.000560116,-0.00308433,0.000531787,3.50077,0.103428,0.450226
3464,0,0,0,0,0.000131564,-0.00308559,0.000595365,3.7567,0.0627206,0.443486
3479,0,0,0,0,0.000790772,-0.00308572,0.000659432,3.8753,0.157383,0.473356
3495,0,0,0,0,0.00120815,-0.00307945,0.000722689,4.0575,0.141092,0.394133
3510,0,0,0,0,0.00148683,-0.00306955,0.000785456,4.26663,0.176797,0.356099
3526,0,0,0,0,0.00167195,-0.00310983,0.000796531,4.37998,0.322405,0.522877
3542,0,0,0,0,0.00175374,-0.00310256,0.000761497,4.48025,0.290243,0.547595
3557,0,0,0,0,0.00177656,-0.00312946,0.000735962,4.57503,0.417348,0.519198
3573,0,0,0,0,0.00180066,-0.0030944,0.000726209,4.5382,0.32922,0.479608
3588,0,0,0,0,0.00180066,-0.0030944,0.000726209,4.55778,0.449134,0.448401
3604,0,0,0,0,0.00180066,-0.0030944,0.000726209,4.52897,0.498645,0.436782
3620,0,0,0,0,0.00181267,-0.00308536,0.000690695,4.47408,0.52407,0.508314
3635,0,0,0,0,0.00182475,-0.00305933,0.000716452,4.43963,0.527859,0.362877
3651,0,0,0,0,0.00182475,-0.00305933,0.000716452,4.43804,0.629313,0.407119
3666,0,0,0,0,0.00184883,-0.00302425,0.000706691,4.35319,0.597211,0.418271
3682,0,0,0,0,0.00186089,-0.00299821,0.00073246,4.34242,0.652372,0.324634
3698,0,0,0,0,0.0018729,-0.00298915,0.000696927,4.31242,0.731898,0.450836
3713,0,0,0,0,0.00188497,-0.00296311,0.000722701,4.27692,0.733902,0.305144
3729,0,0,0,0,0.00190903,-0.00292799,0.00071294,4.21563,0.748323,0.3735
3744,0,0,0,0,0.00192108,-0.00290193,0.000738725,4.20873,0.810062,0.281636
3760,0,0,0,0,0.00193309,-0.00289286,0.000703175,4.17277,0.886659,0.408739
3776,0,0,0,0,0.00195714,-0.00285772,0.000693406,4.11087,0.863737,0.345602
3791,0,0,0,0,0.00200525,-0.00277039,0.000735245,4.04359,0.834382,0.2682
3807,0,0,0,0,0.00206532,-0.0026739,0.000741539,3.93904,0.762938,0.27391
3822,0,0,0,0,0.00213734,-0.00256823,0.000712233,3.8843,0.773617,0.271266
3838,0,0,0,0,0.0022093,-0.00246245,0.000682897,3.81146,0.775772,0.341404
3854,0,0,0,0,0.00226921,-0.00238275,0.000627656,3.80151,0.849101,0.331341
3869,0,0,0,0,0.00228119,-0.00235656,0.000653532,3.84011,0.977782,0.219434
3885,0,0,0,0,0.00228119,-0.00235656,0.000653532,3.82991,1.06562,0.261487
3900,0,0,0,0,0.00228119,-0.00235656,0.000653532,3.79341,1.10332,0.251031
3916,0,0,0,0,0.00228119,-0.00235656,0.000653532,3.75691,1.14103,0.240574
3932,0,0,0,0,0.00228119,-0.00235656,0.000653532,3.72269,1.17637,0.230771
3947,0,0,0,0,0.00228119,-0.00235656,0.000653532,3.68619,1.21408,0.220315
3963,0,0,0,0,0.00228119,-0.00235656,0.000653532,3.65197,1.24943,0.210512
3978,0,0,0,0,0.00228119,-0.00235656,0.000653532,3.61547,1.28713,0.200055
3994,0,0,0,0,0.00229316,-0.00234744,0.000617855,3.54953,1.3024,0.277338
4010,0,0,0,0,0.00229316,-0.00234744,0.000617855,3.54083,1.35719,0.191498
4025,0,0,0,0,0.00229316,-0.00234744,0.000617855,3.50414,1.39475,0.181612
4041,0,0,0,0,0.00229316,-0.00234744,0.000617855,3.46974,1.42996,0.172344
4056,0,0,0,0,0.00230514,-0.00232124,0.000643736,3.4054,1.40704,0.102701
4072,0,0,0,0,0.00231711,-0.00231211,0.000608051,3.36313,1.47426,0.231888
4088,0,0,0,0,0.00231804,-0.00224993,0.00062396,3.35187,1.38461,0.109577
4103,0,0,0,0,0.00231804,-0.00224993,0.00062396,3.31665,1.54514,0.131454
4119,0,0,0,0,0.00230699,-0.00221396,0.000613985,3.30896,1.49074,0.14654
4134,0,0,0,0,0.00230699,-0.00221396,0.000613985,3.24835,1.6033,0.115323
4150,0,0,0,0,0.00231983,-0.00214264,0.000594208,3.17998,1.46425,0.153555
4166,0,0,0,0,0.00231983,-0.00214264,0.000594208,3.17265,1.64892,0.10234
4181,0,0,0,0,0.00231983,-0.00214264,0.000594208,3.13553,1.68321,0.0928326
4197,0,0,0,0,0.00230875,-0.00210669,0.000584237,3.12791,1.62719,0.108367
4212,0,0,0,0,0.00229765,-0.00207074,0.000574268,3.0944,1.64987,0.102079
4228,0,0,0,0,0.00232153,-0.00203538,0.00056446,2.97861,1.67815,0.0942361
4244,0,0,0,0,0.00231042,-0.00199944,0.000554493,3.0173,1.69616,0.0892405
4259,0,0,0,0,0.0022993,-0.0019635,0.000544528,2.98377,1.71712,0.0834289
4275,0,0,0,0,0.00227778,-0.00182952,0.000540535,2.97668,1.50899,0.0644698
4290,0,0,0,0,0.00224494,-0.00165973,0.000526607,2.95075,1.48593,0.0601524
4306,0,0,0,0,0.00220006,-0.00151631,0.000486821,2.95754,1.5054,0.120046
4322,0,0,0,0,0.00218882,-0.00148048,0.000476881,2.87833,1.67592,0.0717506
4337,0,0,0,0,0.00217756,-0.00144465,0.000466942,2.84674,1.68877,0.067128
4353,0,0,0,0,0.00217756,-0.00144465,0.000466942,2.79156,1.7821,0.0402442
4368,0,0,0,0,0.0021663,-0.00140884,0.000457006,2.78277,1.72238,0.0557522
4384,0,0,0,0,0.00215503,-0.00137303,0.000447073,2.75164,1.73377,0.0515333
4400,0,0,0,0,0.00214375,-0.00133723,0.000437141,2.72285,1.74323,0.0479168
4415,0,0,0,0,0.00213246,-0.00130143,0.000427212,2.69208,1.7535,0.0440091
4431,0,0,0,0,0.00212116,-0.00126565,0.000417285,2.66364,1.76186,0.0406951
4446,0,0,0,0,0.00209854,-0.0011941,0.000397439,2.63838,1.75482,0.041589
4462,0,0,0,0,0.00208721,-0.00115835,0.000387519,2.60834,1.76283,0.0383076
4478,0,0,0,0,0.00206453,-0.00108685,0.000367686,2.60833,1.68167,0.0598304
4493,0,0,0,0,0.00205317,-0.00105112,0.000357773,2.55457,1.76455,0.0357788
4509,0,0,0,0,0.00203044,-0.000979673,0.000337954,2.55198,1.69178,0.0549734
4524,0,0,0,0,0.00201906,-0.000943963,0.000328048,2.50188,1.76295,0.0341713
4540,0,0,0,0,0.00199627,-0.000872569,0.000308242,2.47665,1.75605,0.0350275
4556,0,0,0,0,0.00198486,-0.000836884,0.000298343,2.44869,1.76303,0.0320986
4571,0,0,0,0,0.00196201,-0.00076554,0.000278551,2.44989,1.6736,0.0558491
4587,0,0,0,0,0.00196233,-0.000720687,0.000232991,2.37089,1.73422,0.114357
4602,0,0,0,0,0.00195088,-0.000685034,0.000223102,2.36656,1.75328,0.0422209
4618,0,0,0,0,0.00192795,-0.000613754,0.000203331,2.36847,1.6614,0.0671765
4634,0,0,0,0,0.00191647,-0.000578126,0.000193449,2.317,1.74083,0.0446471
4649,0,0,0,0,0.00190498,-0.000542507,0.00018357,2.29141,1.73442,0.0458958
4665,0,0,0,0,0.00188198,-0.000471294,0.000163817,2.2916,1.65361,0.0678139
4680,0,0,0,0,0.00187046,-0.0004357,0.000153945,2.24341,1.71724,0.0496347
4696,0,0,0,0,0.00185894,-0.000400114,0.000144074,2.21553,1.718,0.0488965
4712,0,0,0,0,0.00183586,-0.000328967,0.000124341,2.22108,1.621,0.0753022
4727,0,0,0,0,0.00182431,-0.000293406,0.000114477,2.17054,1.69167,0.0551726
4743,0,0,0,0,0.0017896,-0.000186774,8.49008e-005,2.19868,1.5257,0.100709
4758,0,0,0,0,0.00175481,-8.02168e-005,5.53453e-005,2.18523,1.48284,0.11207
4774,0,0,0,0,0.00173158,-9.22054e-006,3.56532e-005,2.11366,1.61759,0.074163
4790,0,0,0,0,0.00171994,2.62651e-005,2.58106e-005,2.09279,1.60224,0.0779244
4805,0,0,0,0,0.00171994,2.62651e-005,2.58106e-005,2.04045,1.67755,0.0565072
4821,0,0,0,0,0.0017083,6.17423e-005,1.59703e-005,2.04154,1.59521,0.0788494
4836,0,0,0,0,0.0017083,6.17423e-005,1.59703e-005,1.9909,1.66524,0.0588953
4852,0,0,0,0,0.00169665,9.72111e-005,6.1324e-006,1.99057,1.58206,0.0814387
4868,0,0,0,0,0.00169665,9.72111e-005,6.1324e-006,1.94171,1.65187,0.0615779
4883,0,0,0,0,0.00169665,9.72111e-005,6.1324e-006,1.91456,1.65032,0.0614798
4899,0,0,0,0,0.00168499,0.000132672,-3.70322e-006,1.91605,1.56692,0.0841139
4914,0,0,0,0,0.00168499,0.000132672,-3.70322e-006,1.86575,1.63578,0.0644863
4930,0,0,0,0,0.00168499,0.000132672,-3.70322e-006,1.83879,1.63365,0.0645455
4946,0,0,0,0,0.00167332,0.000168124,-1.35365e-005,1.84209,1.54487,0.088676
4961,0,0,0,0,0.00167332,0.000168124,-1.35365e-005,1.79039,1.61791,0.0678856
4977,0,0,0,0,0.00166165,0.000203567,-2.33675e-005,1.79381,1.52881,0.0921046
4992,0,0,0,0,0.00166165,0.000203567,-2.33675e-005,1.74221,1.60147,0.0714217
5008,0,0,0,0,0.00164996,0.000239003,-3.31962e-005,1.74261,1.51639,0.0944886
5024,0,0,0,0,0.00164996,0.000239003,-3.31962e-005,1.6944,1.58396,0.0752519
5039,0,0,0,0,0.00164996,0.000239003,-3.31962e-005,1.668,1.58013,0.0757831
5055,0,0,0,0,0.00163826,0.00027443,-4.30225e-005,1.67183,1.48997,0.100297
5180,4,0,0,0,0.00159168,0.000309761,-5.28316e-005,0,0,0
5195,4,0,0,0,0.0015685,0.000257245,-0.000104405,0,0,0
5211,4,0,0,0,0.0015569,0.000230996,-0.000130183,0,0,0
5226,4,0,0,0,0.00154529,0.000204754,-0.000155954,0,0,0
5242,4,0,0,0,0.00154529,0.000204754,-0.000155954,0,0,0
5258,4,0,0,0,0.00154529,0.000204754,-0.000155954,0,0,0
5273,4,0,0,0,0.00154529,0.000204754,-0.000155954,0,0,0
5289,4,0,0,0,0.00154529,0.000204754,-0.000155954,0,0,0
5304,4,0,0,0,0.00154529,0.000204754,-0.000155954,0,0,0
5320,4,0,0,0,0.00154529,0.000204754,-0.000155954,0,0,0
5336,4,0,0,0,0.00154529,0.000204754,-0.000155954,0,0,0
5351,4,0,0,0,0.00154529,0.000204754,-0.000155954,0,0,0
5367,4,0,0,0,0.00154529,0.000204754,-0.000155954,0,0,0
5382,4,0,0,0,0.00154529,0.000204754,-0.000155954,0,0,0
5398,4,0,0,0,0.00154529,0.000204754,-0.000155954,0,0,0
5414,4,0,0,0,0.00154529,0.000204754,-0.000155954,0,0,0
5429,4,0,0,0,0.00154529,0.000204754,-0.000155954,0,0,0
5445,4,0,0,0,0.00154529,0.000204754,-0.000155954,0,0,0
5460,4,0,0,0,0.00154529,0.000204754,-0.000155954,0,0,0
5476,4,0,0,0,0.00154529,0.000204754,-0.000155954,0,0,0
5492,4,0,0,0,0.00154529,0.000204754,-0.000155954,0,0,0
5507,4,0,0,0,0.00154529,0.000204754,-0.000155954,0,0,0
5523,4,0,0,0,0.00154529,0.000204754,-0.000155954,0,0,0
5538,4,0,0,0,0.00154529,0.000204754,-0.000155954,0,0,0
5554,4,0,0,0,0.00154529,0.000204754,-0.000155954,0,0,0
5570,4,0,0,0,0.00154529,0.000204754,-0.000155954,0,0,0
5585,4,0,0,0,0.00154529,0.000204754,-0.000155954,0,0,0
5601,4,0,0,0,0.00154529,0.000204754,-0.000155954,0,0,0
5616,4,0,0,0,0.00154529,0.000204754,-0.000155954,0,0,0
5632,4,0,0,0,0.00154529,0.000204754,-0.000155954,0,0,0
5648,4,0,0,0,0.00154529,0.000204754,-0.000155954,0,0,0
5663,4,0,0,0,0.00154529,0.000204754,-0.000155954,0,0,0
5679,4,0,0,0,0.00154529,0.000204754,-0.000155954,0,0,0
5694,4,0,0,0,0.00154529,0.000204754,-0.000155954,0,0,0
5710,4,0,0,0,0.00154529,0.000204754,-0.000155954,0,0,0
5726,4,0,0,0,0.00154529,0.000204754,-0.000155954,0,0,0
5741,4,0,0,0,0.00154529,0.000204754,-0.000155954,0,0,0
5757,4,0,0,0,0.00154529,0.000204754,-0.000155954,0,0,0
5772,4,0,0,0,0.00154529,0.000204754,-0.000155954,0,0,0
5788,4,0,0,0,0.00154529,0.000204754,-0.000155954,0,0,0
5804,4,0,0,0,0.00154529,0.000204754,-0.000155954,0,0,0
5819,4,0,0,0,0.00154529,0.000204754,-0.000155954,0,0,0
5835,4,0,0,0,0.00154529,0.000204754,-0.000155954,0,0,0
5850,4,0,0,0,0.00154529,0.000204754,-0.000155954,0,0,0
5866,4,0,0,0,0.00154529,0.000204754,-0.000155954,0,0,0
5882,4,0,0,0,0.00154529,0.000204754,-0.000155954,0,0,0
5897,4,0,0,0,0.00154529,0.000204754,-0.000155954,0,0,0
5913,4,0,0,0,0.00154529,0.000204754,-0.000155954,0,0,0
5928,4,0,0,0,0.00154529,0.000204754,-0.000155954,0,0,0
5944,4,0,0,0,0.00154529,0.000204754,-0.000155954,0,0,0
5960,4,0,0,0,0.00154529,0.000204754,-0.000155954,0,0,0
5975,4,0,0,0,0.00154529,0.000204754,-0.000155954,0,0,0
5991,4,0,0,0,0.00154529,0.000204754,-0.000155954,0,0,0
6006,4,0,0,0,0.00154529,0.000204754,-0.000155954,0,0,0
6022,4,0,0,0,0.00154529,0.000204754,-0.000155954,0,0,0
6038,4,0,0,0,0.00154529,0.000204754,-0.000155954,0,0,0
6053,4,0,0,0,0.00154529,0.000204754,-0.000155954,0,0,0
6069,4,0,0,0,0.00154529,0.000204754,-0.000155954,0,0,0
6084,4,0,0,0,0.00151041,0.000126063,-0.000233233,0,0,0
6100,4,0,0,0,0.00146377,2.12291e-005,-0.000336185,0,0,0
6116,4,0,0,0,0.00141718,-6.6535e-005,-0.000377718,0,0,0
6131,4,0,0,0,0.00137072,-0.000137268,-0.000357915,0,0,0
6147,4,0,0,0,0.00135918,-0.000146462,-0.000322324,0,0,0
6162,5,0,0,0,0.00128977,-0.000157015,-0.000154298,0,0,0
6178,5,0,0,0,0.00106924,-0.000220989,9.41945e-005,0,0,0
6194,5,0,0,0,0.000662888,-0.000276504,0.000437408,0,0,0
6209,5,0,0,0,5.95668e-005,-0.000410202,0.000831415,0,0,0
6225,5,0,0,0,-0.000645805,-0.000514934,0.00111546,0,0,0
6240,5,0,0,0,-0.00143841,-0.000494822,0.00116779,0,0,0
6256,5,0,0,0,-0.00230589,-0.000250713,0.00109274,0,0,0
6272,5,0,0,0,-0.0030564,7.4342e-005,0.00105986,0,0,0
6287,5,0,0,0,-0.00409823,0.00074915,0.000863669,0,0,0
6303,5,0,0,0,-0.00499113,0.00146345,0.000595348,0,0,0
6318,5,0,0,0,-0.00599889,0.00246232,0.000124157,0,0,0
6334,5,0,0,0,-0.00692676,0.00369878,-0.000501786,0,0,0
6350,5,0,0,0,-0.00775605,0.00531431,-0.00113666,0,0,0
6365,5,0,0,0,-0.00852968,0.00722003,-0.00169726,0,0,0
6381,5,0,0,0,-0.00929118,0.00905752,-0.00220827,0,0,0
6396,5,0,0,0,-0.0101417,0.0110177,-0.00275347,0,0,0
6412,5,0,0,0,-0.0108461,0.0126331,-0.00326292,0,0,0
6428,5,0,0,0,-0.0114283,0.0140169,-0.00379733,0,0,0
6443,5,0,0,0,-0.0117352,0.0148471,-0.00423717,0,0,0
6459,5,0,0,0,-0.0117233,0.0150389,-0.00452997,0,0,0
6474,5,0,0,0,-0.0115774,0.0149282,-0.00470966,0,0,0
6490,5,0,0,0,-0.011243,0.0144821,-0.00485812,0,0,0
6506,5,0,0,0,-0.0107532,0.0137059,-0.00491759,0,0,0
6521,5,0,0,0,-0.0100238,0.0124744,-0.00485504,0,0,0
6537,5,0,0,0,-0.0090935,0.0109169,-0.00455456,0,0,0
6552,5,0,0,0,-0.00788578,0.00905422,-0.00402056,0,0,0
6568,5,0,0,0,-0.00605635,0.00664391,-0.00340417,-1.08288,1.40561,-0.356865
6584,5,0,0,0,-0.00391848,0.00453731,-0.00303669,-1.50157,1.47961,-0.258103
6599,5,0,0,0,-0.00121633,0.00243219,-0.00271739,-2.23831,1.74006,-0.268623
6615,5,0,0,0,0.00163367,0.000842849,-0.00198966,-2.78768,1.55458,-0.711817
6630,5,0,0,0,0.00439426,-0.000287306,-0.000968174,-1.58943,0.640851,-0.573777
6646,5,0,0,0,0.00706041,-0.00105244,8.52188e-005,-1.14259,0.326013,-0.455177
6662,5,0,0,0,0.00943977,-0.00150335,0.000942005,-0.694989,0.131708,-0.25026
6677,5,0,0,0,0.0117067,-0.00169855,0.00175046,0,0,0
6693,5,0,0,0,0.0135716,-0.001775,0.00239871,0,0,0
6708,5,0,0,0,0.0152824,-0.00162431,0.00303265,0,0,0
6724,5,0,0,0,0.0166532,-0.00124925,0.00383216,0,0,0
6740,5,0,0,0,0.0175519,-0.0007939,0.00464923,0,0,0
6755,5,0,0,0,0.0181108,-0.000291189,0.0054533,0,0,0
6771,5,0,0,0,0.0183505,0.000346946,0.00603109,0,0,0
6786,5,0,0,0,0.0185234,0.000897092,0.00667009,0,0,0
6802,5,0,0,0,0.0185948,0.0013782,0.00758554,0,0,0
6818,5,0,0,0,0.018559,0.00171991,0.00860822,0,0,0
6833,5,0,0,0,0.0183598,0.00178975,0.0095067,0,0,0
6849,5,0,0,0,0.0178925,0.00165665,0.0104381,0,0,0
6864,5,0,0,0,0.0172524,0.00148288,0.011362,0,0,0
6880,5,0,0,0,0.0163268,0.000910297,0.0125049,0,0,0
6896,5,0,0,0,0.0150778,0.000183361,0.0136457,0,0,0
6911,5,0,0,0,0.0133037,-0.000917262,0.0144917,0,0,0
6927,5,0,0,0,0.0112707,-0.00239174,0.0142949,0.510367,0.370172,0.0494093
6942,5,0,0,0,0.00865096,-0.00392925,0.0127226,2.20415,1.28251,1.38188
6958,5,0,0,0,0.00567651,-0.00506117,0.010475,3.60896,1.40855,2.76621
6974,5,0,0,0,0.00280031,-0.00582976,0.00833556,3.62931,0.969833,2.69966
6989,5,0,0,0,-0.000221073,-0.00644612,0.00592189,3.59598,0.704945,2.9104
7005,5,0,0,0,-0.00286404,-0.00679451,0.00355868,3.12395,0.411786,2.79328
7020,5,0,0,0,-0.00544099,-0.0069866,0.00104154,2.39888,0.140222,2.37113
7036,5,0,0,0,-0.00772659,-0.00705953,-0.00146346,1.70654,0.0292628,1.87933
7052,5,0,0,0,-0.00960615,-0.0071966,-0.00380798,1.21344,0.0695901,1.5155
7067,5,0,0,0,-0.0114434,-0.00730288,-0.00637349,1.08318,0.0637013,1.50479
7083,5,0,0,0,-0.0130809,-0.00748615,-0.00870218,0.878475,0.0983213,1.2493
7098,5,0,0,0,-0.0147494,-0.00778986,-0.0110864,0.692407,0.120323,0.99129
7114,5,0,0,0,-0.0162539,-0.00814409,-0.0134291,0.446974,0.104309,0.688334
7130,5,0,0,0,-0.0174289,-0.00845434,-0.0153551,0.0215041,0.00594568,0.0359218
7145,5,0,0,0,-0.0184091,-0.00893101,-0.01709,0,0,0
7161,5,0,0,0,-0.0190735,-0.00943787,-0.0184126,0,0,0
7176,5,0,0,0,-0.0195491,-0.0100797,-0.0195054,0,0,0
7192,5,0,0,0,-0.0198329,-0.0104819,-0.0203766,0.199877,0.105637,0.205356
7208,5,0,0,0,-0.0199817,-0.0106883,-0.0208357,0.508657,0.272085,0.530397
7223,5,0,0,0,-0.019965,-0.0106671,-0.0209309,0.537492,0.287176,0.563498
7239,5,0,0,0,-0.0199214,-0.010608,-0.0208764,0.482299,0.256821,0.505419
7254,5,0,0,0,-0.0198633,-0.0105292,-0.0208035,0.408606,0.216594,0.427947
7270,5,0,0,0,-0.0197651,-0.0103965,-0.0207577,0.317532,0.167022,0.333478
7286,5,0,0,0,-0.0195555,-0.0102392,-0.0207784,0.203205,0.106397,0.215913
7301,5,0,0,0,-0.0190754,-0.0100953,-0.0209271,0.0394001,0.0208518,0.0432248
7317,5,0,0,0,-0.0182246,-0.00995749,-0.0208613,0,0,0
7332,5,0,0,0,-0.0170242,-0.00986205,-0.0202899,0,0,0
7348,5,0,0,0,-0.0152592,-0.00969109,-0.0188877,0,0,0
7364,5,0,0,0,-0.0130572,-0.009347,-0.0167301,-1.69214,-0.264413,-1.65805
7379,5,0,0,0,-0.0102601,-0.00883833,-0.014155,-3.16505,-0.56326,-2.88609
7395,5,0,0,0,-0.00738806,-0.00844681,-0.0118838,-3.68535,-0.543143,-2.9121
7410,5,0,0,0,-0.00427799,-0.00809705,-0.00938406,-3.86237,-0.42789,-3.13647
7426,5,0,0,0,-0.00112059,-0.00771316,-0.00673768,-4.26121,-0.491597,-3.5939
7442,5,0,0,0,0.00187508,-0.00731123,-0.00419489,-4.53509,-0.608479,-3.84948
7457,5,0,0,0,0.00480543,-0.00674954,-0.00159501,-3.56403,-0.668756,-3.2004
7473,5,0,0,0,0.00716219,-0.00626402,0.000881251,-2.49266,-0.534869,-2.63726
7488,5,0,0,0,0.0090641,-0.00551355,0.00354195,-1.44102,-0.560729,-2.02654
7504,5,0,0,0,0.0104811,-0.00469263,0.0061746,-0.726812,-0.44449,-1.38657
7520,5,0,0,0,0.0113806,-0.00371069,0.00851293,-0.364362,-0.397792,-0.947273
7535,5,0,0,0,0.0120417,-0.00257502,0.0109375,-0.155201,-0.285782,-0.597059
7551,5,0,0,0,0.0123844,-0.00133586,0.0130552,-0.0722325,-0.261217,-0.446413
7566,5,0,0,0,0.0126605,-8.27122e-005,0.0146113,0,0,0
7582,5,0,0,0,0.0129027,0.00149121,0.0156669,0,0,0
7598,5,0,0,0,0.0129639,0.00314493,0.0164067,0,0,0
7613,5,0,0,0,0.0128933,0.00488258,0.0169378,0,0,0
7629,5,0,0,0,0.0126455,0.00641799,0.0170328,0,0,0
7644,5,0,0,0,0.012119,0.0080178,0.0165728,0,0,0
7660,5,0,0,0,0.0113941,0.00966868,0.0157511,0,0,0
7676,5,0,0,0,0.0105027,0.0112996,0.0146996,0,0,0
7691,5,0,0,0,0.00926393,0.012983,0.0134529,0.0413109,-0.0550591,0.0399547
7707,5,0,0,0,0.00779639,0.0144524,0.0124149,0.0764819,-0.0758323,0.0537862
7722,5,0,0,0,0.00599199,0.0159768,0.0110833,0.456828,-0.381778,0.329934
7738,5,0,0,0,0.00407752,0.0173035,0.00945467,0.669057,-0.459894,0.581119
7754,5,0,0,0,0.00219354,0.0183437,0.00775367,0.782419,-0.428727,0.697553
7769,5,0,0,0,7.65402e-005,0.0192337,0.00582898,1.01547,-0.429812,0.913468
7785,5,0,0,0,-0.00198081,0.0198496,0.00389136,1.25059,-0.379287,1.20021
7800,5,0,0,0,-0.00421364,0.0202202,0.00156904,1.5082,-0.251031,1.58664
7816,5,0,0,0,-0.00639665,0.0204731,-0.00089824,1.57587,-0.165527,1.79189
7832,5,0,0,0,-0.00831106,0.02061,-0.00342905,1.58083,-0.113066,2.08983
7847,5,0,0,0,-0.0102256,0.0206251,-0.00615075,1.39974,0.00235485,1.99352
7863,5,0,0,0,-0.0119504,0.0205764,-0.00852266,1.0388,0.0426881,1.43287
7878,5,0,0,0,-0.0138003,0.0205476,-0.0109943,1.01638,0.0209057,1.36027
7894,5,0,0,0,-0.0156322,0.0204271,-0.0134678,0.937306,0.0506888,1.23852
7910,5,0,0,0,-0.0172816,0.0202452,-0.015821,1.41103,-0.543216,1.71898
7925,5,0,0,0,-0.0188455,0.0198353,-0.0182059,2.24832,-1.5634,2.52417
7941,5,0,0,0,-0.019909,0.0187538,-0.0199852,2.36076,-2.06001,2.42575
7956,5,0,0,0,-0.0205839,0.0169037,-0.0213466,2.49276,-2.04709,2.58513
7972,5,0,0,0,-0.0209646,0.0148267,-0.0221869,2.43115,-1.71937,2.57289
7988,5,0,0,0,-0.0211402,0.0130498,-0.0225085,2.22206,-1.37167,2.36588
8003,5,0,0,0,-0.021156,0.0114964,-0.0225993,1.93626,-1.05219,2.06836
8019,5,0,0,0,-0.0210262,0.0104822,-0.0225048,1.63748,-0.816334,1.75263
8034,5,0,0,0,-0.0208167,0.00984596,-0.0222411,1.31003,-0.619626,1.39968
8050,5,0,0,0,-0.0206597,0.00947571,-0.0221057,1.11168,-0.509878,1.18949
8066,5,0,0,0,-0.0205963,0.00933952,-0.0220781,1.04596,-0.474298,1.12121
8081,5,0,0,0,-0.0205837,0.00931226,-0.0220726,1.03285,-0.467271,1.10756
8097,5,0,0,0,-0.0205078,0.00909574,-0.0219377,0.900529,-0.399407,0.963318
8112,5,0,0,0,-0.0203417,0.00853713,-0.0214908,0.527157,-0.22124,0.556936
8128,5,0,0,0,-0.0201011,0.00726396,-0.0205284,0,0,0
8144,5,0,0,0,-0.019867,0.00527305,-0.0192635,-0.0364245,0.2996,-0.190835
8159,5,0,0,0,-0.0195755,0.00264365,-0.0177151,-0.152241,1.38551,-0.81197
8175,5,0,0,0,-0.0192096,0.00013831,-0.0162033,-0.233879,1.5667,-0.942418
8190,5,0,0,0,-0.018651,-0.00247643,-0.0145083,-0.335884,1.51912,-0.994205
8206,5,0,0,0,-0.0179743,-0.00516516,-0.0128139,-0.463536,1.81492,-1.15256
8222,5,0,0,0,-0.0171635,-0.00779743,-0.0111531,-0.696849,2.2625,-1.42745
8237,5,0,0,0,-0.0160518,-0.0107247,-0.00938462,-1.03366,2.6979,-1.64793
8253,5,0,0,0,-0.0147012,-0.0133922,-0.00764231,-1.43751,2.79912,-1.82185
8268,5,0,0,0,-0.0130108,-0.0158426,-0.00539025,-1.80374,2.58549,-2.41016
8284,5,0,0,0,-0.011094,-0.0179728,-0.00266275,-2.37216,2.60095,-3.38295
8300,5,0,0,0,-0.00920514,-0.0197524,0.000167215,-2.68297,2.5278,-4.01965
8315,5,0,0,0,-0.00719214,-0.0214113,0.00334306,-2.72259,2.18766,-4.36359
8331,5,0,0,0,-0.00530167,-0.0226846,0.00662802,-2.86859,1.92666,-4.98957
8346,5,0,0,0,-0.0035226,-0.0239185,0.00992638,-2.13925,1.47703,-3.96936
8362,5,0,0,0,-0.00209886,-0.0247925,0.0129058,-1.0341,0.662171,-2.18986
8378,5,0,0,0,-0.00121146,-0.0253615,0.0154439,-0.404958,0.259652,-1.15824
8393,5,0,0,0,-0.000790204,-0.0253573,0.0173116,0.0183528,0.588932,-0.402069
8409,5,0,0,0,-0.000732098,-0.0251406,0.0177023,0.018006,0.618336,-0.43539
8424,5,0,0,0,-0.000804629,-0.0246861,0.0175094,0.00733219,0.224952,-0.159554
8440,5,0,0,0,-0.000867095,-0.0242293,0.017412,0,0,0
8456,5,0,0,0,-0.00089431,-0.0239593,0.0173365,0,0,0
8471,5,0,0,0,-0.000926559,-0.0237911,0.0172564,0,0,0
8487,5,0,0,0,-0.000947565,-0.0237596,0.0172779,0,0,0
8502,5,0,0,0,-0.000947565,-0.0237596,0.0172779,0,0,0
8518,5,0,0,0,-0.000947565,-0.0237596,0.0172779,0,0,0
8534,5,0,0,0,-0.000947565,-0.0237596,0.0172779,0,0,0
8549,5,0,0,0,-0.000947565,-0.0237596,0.0172779,0,0,0
8565,5,0,0,0,-0.000947565,-0.0237596,0.0172779,0,0,0
8580,5,0,0,0,-0.000947565,-0.0237596,0.0172779,0,0,0
8596,5,0,0,0,-0.000947565,-0.0237596,0.0172779,0,0,0
8612,5,0,0,0,-0.000947565,-0.0237596,0.0172779,0,0,0
8627,5,0,0,0,-0.000947565,-0.0237596,0.0172779,0,0,0
8643,5,0,0,0,-0.000947565,-0.0237596,0.0172779,0,0,0
8658,5,0,0,0,-0.000947565,-0.0237596,0.0172779,0,0,0
8674,5,0,0,0,-0.000947565,-0.0237596,0.0172779,0,0,0
8690,5,0,0,0,-0.000947565,-0.0237596,0.0172779,0,0,0
8705,5,0,0,0,-0.00101899,-0.0234692,0.0173839,0,0,0
8721,5,0,0,0,-0.00117463,-0.023012,0.0174373,0,0,0
8736,5,0,0,0,-0.00141685,-0.0224314,0.0175763,0,0,0
8752,5,0,0,0,-0.00178111,-0.0217433,0.017864,0,0,0
8768,5,0,0,0,-0.00225402,-0.0210227,0.018193,0,0,0
8783,5,0,0,0,-0.00284036,-0.0202338,0.018551,0,0,0
8799,5,0,0,0,-0.00348581,-0.0194946,0.0188479,0,0,0
8814,5,0,0,0,-0.0043753,-0.0184132,0.0192986,0,0,0
8830,5,0,0,0,-0.00548042,-0.0166605,0.0197142,0,0,0
8846,5,0,0,0,-0.00672538,-0.0141373,0.0196996,0.656491,-1.33196,-0.00132616
8861,5,0,0,0,-0.00832489,-0.0110784,0.0191663,1.37941,-2.6316,0.484376
8877,5,0,0,0,-0.00999752,-0.00839261,0.0182545,1.5083,-2.37958,0.807265
8892,5,0,0,0,-0.0119422,-0.00591989,0.0171147,1.40083,-1.7493,0.844396
8908,5,0,0,0,-0.0138354,-0.00397265,0.0161512,0.656649,-0.661858,0.326272
8924,5,0,0,0,-0.0152584,-0.00259599,0.0155844,0,0,0
8939,5,0,0,0,-0.0163644,-0.0016016,0.0150543,0,0,0
8955,5,0,0,0,-0.0170251,-0.000905927,0.0145647,0,0,0
8970,5,0,0,0,-0.0173801,-0.000446068,0.0141336,0,0,0
8986,5,0,0,0,-0.0174464,-0.000221683,0.0140073,0,0,0
9002,5,0,0,0,-0.0174464,-0.000221683,0.0140073,0,0,0
9017,5,0,0,0,-0.0174464,-0.000221683,0.0140073,0,0,0
9033,5,0,0,0,-0.0174464,-0.000221683,0.0140073,0,0,0
9048,5,0,0,0,-0.0174464,-0.000221683,0.0140073,0,0,0
9064,5,0,0,0,-0.0174464,-0.000221683,0.0140073,0,0,0
9080,5,0,0,0,-0.0174464,-0.000221683,0.0140073,0,0,0
9095,5,0,0,0,-0.0174464,-0.000221683,0.0140073,0,0,0
9111,5,0,0,0,-0.0174464,-0.000221683,0.0140073,0,0,0
9126,5,0,0,0,-0.0174464,-0.000221683,0.0140073,0,0,0
9142,5,0,0,0,-0.0174464,-0.000221683,0.0140073,0,0,0
9158,5,0,0,0,-0.0174464,-0.000221683,0.0140073,0,0,0
9173,5,0,0,0,-0.0174464,-0.000221683,0.0140073,0,0,0
9189,5,0,0,0,-0.0174464,-0.000221683,0.0140073,0,0,0
9204,5,0,0,0,-0.0174464,-0.000221683,0.0140073,0,0,0
9220,5,0,0,0,-0.0174464,-0.000221683,0.0140073,0,0,0
9236,5,0,0,0,-0.0174464,-0.000221683,0.0140073,0,0,0
9251,5,0,0,0,-0.0174464,-0.000221683,0.0140073,0,0,0
9267,5,0,0,0,-0.0174464,-0.000221683,0.0140073,0,0,0
9282,5,0,0,0,-0.0174464,-0.000221683,0.0140073,0,0,0
9298,5,0,0,0,-0.0174464,-0.000221683,0.0140073,0,0,0
9314,5,0,0,0,-0.0174464,-0.000221683,0.0140073,0,0,0
9329,5,0,0,0,-0.0174464,-0.000221683,0.0140073,0,0,0
9345,5,0,0,0,-0.0174604,-0.000334072,0.0142297,0,0,0
9360,5,0,0,0,-0.0175578,-0.000485164,0.0153665,0,0,0
9376,5,0,0,0,-0.0179139,-0.000635194,0.0175681,0,0,0
9392,5,0,0,0,-0.0185381,-0.000579521,0.0199004,0.197942,-0.0176548,-0.739585
9407,5,0,0,0,-0.0192783,-0.000640625,0.0217715,0,0,0
9423,5,0,0,0,-0.0198317,-0.000879614,0.0228309,0.16666,0.00739204,-0.191865
9438,5,0,0,0,-0.020341,-0.00116847,0.0236564,0.795485,0.0456956,-0.925141
9454,5,0,0,0,-0.0205292,-0.00139395,0.0237472,0.928845,0.0630695,-1.07444
9470,5,0,0,0,-0.0204537,-0.00149084,0.0233796,0.723152,0.0527096,-0.826599
9485,5,0,0,0,-0.0202668,-0.00158952,0.022711,0.319444,0.0250539,-0.357969
9501,5,0,0,0,-0.0200706,-0.00164415,0.0220869,0,0,0
9516,5,0,0,0,-0.0200399,-0.0016667,0.0219628,0,0,0
9532,5,0,0,0,-0.0200624,-0.00165899,0.0220378,0,0,0
9548,5,0,0,0,-0.0201057,-0.00168036,0.0221151,0,0,0
9563,5,0,0,0,-0.0201057,-0.00168036,0.0221151,0,0,0
9579,5,0,0,0,-0.0201057,-0.00168036,0.0221151,0,0,0
9594,5,0,0,0,-0.0201057,-0.00168036,0.0221151,0,0,0
9610,5,0,0,0,-0.0201057,-0.00168036,0.0221151,0,0,0
9626,5,0,0,0,-0.0201057,-0.00168036,0.0221151,0,0,0
9641,5,0,0,0,-0.0201057,-0.00168036,0.0221151,0,0,0
9657,5,0,0,0,-0.0201057,-0.00168036,0.0221151,0,0,0
9672,5,0,0,0,-0.0201057,-0.00168036,0.0221151,0,0,0
9688,5,0,0,0,-0.0201057,-0.00168036,0.0221151,0,0,0
9704,5,0,0,0,-0.0201057,-0.00168036,0.0221151,0,0,0
9719,5,0,0,0,-0.0201057,-0.00168036,0.0221151,0,0,0
9735,5,0,0,0,-0.0201057,-0.00168036,0.0221151,0,0,0
9750,5,0,0,0,-0.0201057,-0.00168036,0.0221151,0,0,0
9766,5,0,0,0,-0.0201057,-0.00168036,0.0221151,0,0,0
9782,5,0,0,0,-0.0201057,-0.00168036,0.0221151,0,0,0
9797,5,0,0,0,-0.0201057,-0.00168036,0.0221151,0,0,0
9813,5,0,0,0,-0.0201057,-0.00168036,0.0221151,0,0,0
9828,5,0,0,0,-0.0201057,-0.00168036,0.0221151,0,0,0
9844,5,0,0,0,-0.0201057,-0.00168036,0.0221151,0,0,0
9860,5,0,0,0,-0.0201057,-0.00168036,0.0221151,0,0,0
9875,5,0,0,0,-0.0201057,-0.00168036,0.0221151,0,0,0
9891,5,0,0,0,-0.0204708,-0.00152096,0.0211821,0,0,0
9906,5,0,0,0,-0.0220325,-0.000994112,0.0175944,2.08207,-0.687375,4.7815
9922,5,0,0,0,-0.0240768,-0.000321072,0.0134223,3.65849,-1.21178,7.42414
9938,5,0,0,0,-0.025703,0.00019697,0.0105069,1.5963,-0.492693,2.83961
9953,5,0,0,0,-0.0272807,0.000675616,0.00741087,1.41408,-0.417248,2.7818
9969,5,0,0,0,-0.0287802,0.00107551,0.00478304,1.07219,-0.285933,1.87898
9984,5,0,0,0,-0.0301688,0.0015991,0.00263044,0.502136,-0.0853335,0.249931
10000,5,0,0,0,-0.0313546,0.00209731,0.000778187,1.43062,-0.0956947,-0.0355065
10016,5,0,0,0,-0.0323075,0.00241001,-0.000757554,2.39878,-0.17894,0.0562472
10031,5,0,0,0,-0.033069,0.00251347,-0.00203935,3.21166,-0.244108,0.198062
10047,5,0,0,0,-0.0334677,0.0024052,-0.00285189,3.6524,-0.262484,0.311232
10062,5,0,0,0,-0.0336956,0.00214021,-0.00335656,3.90283,-0.247892,0.388777
10078,5,0,0,0,-0.0340226,0.00169239,-0.00405867,4.27008,-0.212406,0.509392
10094,5,0,0,0,-0.0343491,0.0010726,-0.00472368,4.64305,-0.144986,0.63851
10109,5,0,0,0,-0.0344881,0.00052665,-0.00507402,4.811,-0.0734663,0.707812
10125,5,0,0,0,-0.0343678,0.000280287,-0.00495155,4.67537,-0.03813,0.673605
10140,5,0,0,0,-0.0341623,0.000179916,-0.00466158,4.43813,-0.0233734,0.6056
10156,5,0,0,0,-0.033979,0.000107927,-0.00439731,4.22727,-0.013427,0.547061
10172,5,0,0,0,-0.033857,1.93702e-005,-0.0042305,4.08845,-0.00233907,0.510861
10187,5,0,0,0,-0.0338123,-9.88136e-006,-0.00420414,4.0415,0.0011811,0.502512
10203,5,0,0,0,-0.033786,1.44034e-005,-0.00430011,4.02605,-0.00171636,0.512415
10218,5,0,0,0,-0.0337794,2.0479e-005,-0.00432411,4.02224,-0.00243851,0.514888
10234,5,0,0,0,-0.0337794,2.0479e-005,-0.00432411,4.02224,-0.00243851,0.514888
10250,5,0,0,0,-0.0337794,2.0479e-005,-0.00432411,4.02224,-0.00243851,0.514888
10265,5,0,0,0,-0.0337663,3.26355e-005,-0.00437215,4.01468,-0.00388023,0.519832
10281,5,0,0,0,-0.0337663,3.26355e-005,-0.00437215,4.01468,-0.00388023,0.519832
10296,5,0,0,0,-0.0337584,4.97902e-005,-0.00435584,4.00514,-0.00590716,0.516781
10312,5,0,0,0,-0.0337584,4.97902e-005,-0.00435584,4.00514,-0.00590716,0.516781
10328,5,0,0,0,-0.0337584,4.97902e-005,-0.00435584,4.00514,-0.00590716,0.516781
10343,5,0,0,0,-0.0337584,4.97902e-005,-0.00435584,4.00514,-0.00590716,0.516781
10359,5,0,0,0,-0.0337584,4.97902e-005,-0.00435584,4.00514,-0.00590716,0.516781
10374,5,0,0,0,-0.0337584,4.97902e-005,-0.00435584,4.00514,-0.00590716,0.516781
10390,5,0,0,0,-0.0337584,4.97902e-005,-0.00435584,4.00514,-0.00590716,0.516781
10406,5,0,0,0,-0.0337584,4.97902e-005,-0.00435584,4.00514,-0.00590716,0.516781
10421,5,0,0,0,-0.0337584,4.97902e-005,-0.00435584,4.00514,-0.00590716,0.516781
10437,5,0,0,0,-0.0337584,4.97902e-005,-0.00435584,4.00514,-0.00590716,0.516781
10452,5,0,0,0,-0.0337584,4.97902e-005,-0.00435584,4.00514,-0.00590716,0.516781
10468,5,0,0,0,-0.0337584,4.97902e-005,-0.00435584,4.00514,-0.00590716,0.516781
10484,5,0,0,0,-0.0337584,4.97902e-005,-0.00435584,4.00514,-0.00590716,0.516781
10499,5,0,0,0,-0.0337584,4.97902e-005,-0.00435584,4.00514,-0.00590716,0.516781
10515,5,0,0,0,-0.0337584,4.97902e-005,-0.00435584,4.00514,-0.00590716,0.516781
10530,5,0,0,0,-0.0338092,-5.73586e-005,-0.00410408,4.02788,0.00683345,0.488941
10546,5,0,0,0,-0.0339606,-0.000552539,-0.00317364,4.09471,0.0666207,0.382653
10562,5,0,0,0,-0.0341706,-0.00118192,-0.00171418,4.22616,0.146177,0.212007
10577,5,0,0,0,-0.0342872,-0.00160409,0.000337702,4.32145,0.202174,-0.0425628
10593,5,0,0,0,-0.0341462,-0.00199937,0.00233778,4.26717,0.249857,-0.292148
10608,5,0,0,0,-0.0335673,-0.00237373,0.00413507,3.86545,0.273347,-0.476174
10624,5,0,0,0,-0.032576,-0.00258504,0.0053659,3.06524,0.243239,-0.504905
10640,5,0,0,0,-0.031336,-0.00277337,0.00633686,2.04119,0.180655,-0.412777
10655,5,0,0,0,-0.0297119,-0.00311138,0.00751558,0.776635,0.0813279,-0.196449
10671,5,0,0,0,-0.027906,-0.00362083,0.00887956,-0.147148,0.0441907,-0.111208
10686,5,0,0,0,-0.0257194,-0.00440694,0.0107683,-1.0207,0.373951,-0.879074
10702,5,0,0,0,-0.0232117,-0.00515002,0.0126946,-1.74162,0.526442,-1.34674
10718,5,0,0,0,-0.0205432,-0.0055746,0.0143707,-2.20748,0.363254,-1.36174
10733,5,0,0,0,-0.0173459,-0.00577115,0.0159107,-2.97791,0.188042,-1.41191
10749,5,0,0,0,-0.0138737,-0.00597811,0.017118,-4.42579,0.263792,-1.53886
10764,5,0,0,0,-0.00975383,-0.00609705,0.0182465,-6.04263,0.172087,-1.6446
10780,5,0,0,0,-0.00560798,-0.00601359,0.0191767,-5.99268,-0.167351,-1.31613
10796,5,0,0,0,-0.00188207,-0.00583774,0.0197588,-4.99291,-0.22341,-0.788701
10811,5,0,0,0,0.00193561,-0.00554259,0.0202412,-4.39092,-0.299847,-0.524992
10827,5,0,0,0,0.00542741,-0.00529298,0.0204664,-3.91358,-0.27976,-0.252405
10842,5,0,0,0,0.00908624,-0.0051005,0.0205618,-3.55535,-0.181012,-0.0819642
10858,5,0,0,0,0.012548,-0.00499867,0.0206195,-2.91505,-0.0977522,-0.0257044
10874,5,0,0,0,0.0154078,-0.00481332,0.0208064,-1.58103,-0.102471,-0.103328
10889,5,0,0,0,0.0181317,-0.00459994,0.0210642,-0.692938,-0.0652495,-0.0626278
10905,5,0,0,0,0.0205732,-0.00431528,0.0212239,-0.471355,-0.0549556,-0.0308257
10920,5,0,0,0,0.0230806,-0.00413593,0.0213661,-1.46833,0.208345,-1.17859
10936,5,0,0,0,0.0254582,-0.00403226,0.0213471,-2.63771,0.417781,-2.21177
10952,5,0,0,0,0.0273962,-0.00380998,0.0210125,-3.7353,0.519467,-2.86492
10967,5,0,0,0,0.029027,-0.00337217,0.0204684,-4.61923,0.536633,-3.25725
10983,5,0,0,0,0.0300608,-0.00303152,0.0198103,-5.09944,0.514259,-3.36056
10998,5,0,0,0,0.030681,-0.00273285,0.018657,-5.12211,0.456242,-3.11474
11014,5,0,0,0,0.0311558,-0.00243099,0.0174855,-5.0547,0.394402,-2.83683
11030,5,0,0,0,0.0315869,-0.00212714,0.0163045,-4.9764,0.335124,-2.56872
11045,5,0,0,0,0.0319441,-0.00161373,0.0151004,-4.85002,0.24501,-2.29267
11061,5,0,0,0,0.031863,-0.00103019,0.0142428,-4.4866,0.145059,-2.00551
11076,5,0,0,0,0.03127,0.000376706,0.0134637,-3.71722,-0.044781,-1.6005
11092,5,0,0,0,0.0300451,0.0028546,0.0131252,-2.25285,-1.07189,-1.05542
11108,5,0,0,0,0.0282456,0.00505418,0.0133629,-0.502025,-1.45358,-0.826508
11123,5,0,0,0,0.0257828,0.00721631,0.0135824,1.75254,-1.53968,-0.158878
11139,5,0,0,0,0.0230895,0.00894,0.013669,2.31881,-1.48402,-0.0745332
11154,5,0,0,0,0.0198355,0.0106505,0.013826,3.37115,-1.7668,-0.143727
0,0,0,0,0,0,0,0,0,0,0
12496,0,0,0,0,-0.0246362,0.000817116,-0.0177323,7.75815,-0.372311,4.91069
12512,0,0,0,0,-0.0240684,0.00106373,-0.0162567,6.79976,-0.861219,2.39285
12527,0,0,0,0,-0.0230917,0.00125752,-0.0142999,6.17117,-0.814025,1.38512
12543,0,0,0,0,-0.0218761,0.00137845,-0.0123154,5.74115,-0.737188,0.948361
12558,0,0,0,0,-0.020576,0.0015245,-0.0105592,5.36573,-0.813705,0.806027
12574,0,0,0,0,-0.0191598,0.0015782,-0.0087848,5.21333,-0.707925,0.637425
12590,0,0,0,0,-0.0178997,0.00152521,-0.00715461,5.23528,-0.486955,0.3104
12605,0,0,0,0,-0.0166009,0.00147982,-0.00550926,5.20981,-0.491052,0.0511116
12621,0,0,0,0,-0.0153948,0.00133989,-0.00420965,5.09725,-0.301935,0.250484
12636,0,0,0,0,-0.0141682,0.00123658,-0.00303003,5.09295,-0.365973,0.325688
12652,0,0,0,0,-0.0129902,0.000986195,-0.00203829,5.03893,-0.0438306,0.437918
12668,0,0,0,0,-0.0118823,0.000809051,-0.00121905,4.89032,-0.129017,0.459241
12683,0,0,0,0,-0.0107145,0.000559037,-0.000569348,4.73464,0.0901487,0.645352
12699,0,0,0,0,-0.00954876,0.000334936,8.66856e-005,4.55697,0.0660113,0.519325
12714,0,0,0,0,-0.00845086,0.000163142,0.000650325,4.35382,0.0397864,0.406125
12730,0,0,0,0,-0.00735558,-6.82347e-005,0.00108819,4.28737,0.227837,0.512968
12746,0,0,0,0,-0.00639609,-0.00018767,0.00143898,4.27096,0.110462,0.564725
12761,0,0,0,0,-0.00541987,-0.000400854,0.00179004,4.14165,0.214278,0.516137
12777,0,0,0,0,-0.00455986,-0.000523677,0.00202491,4.08025,0.177894,0.532196
12792,0,0,0,0,-0.00369551,-0.000648377,0.00226309,3.96782,0.193448,0.520491
12808,0,0,0,0,-0.00295042,-0.000781773,0.00240872,4.01603,0.297352,0.489119
12824,0,0,0,0,-0.00233904,-0.000855915,0.00256844,4.08113,0.187223,0.494661
12839,0,0,0,0,-0.00181764,-0.00096462,0.00273698,4.17223,0.312518,0.332573
12855,0,0,0,0,-0.00140794,-0.000994911,0.00285043,4.22844,0.17998,0.365288
12870,0,0,0,0,-0.00109837,-0.000997535,0.00285792,4.38479,0.141172,0.529964
12886,0,0,0,0,-0.000915027,-0.000973258,0.00288756,4.63759,0.0955812,0.431714
12902,0,0,0,0,-0.00081163,-0.000974108,0.00289007,4.69591,0.161315,0.439867
12917,0,0,0,0,-0.000752618,-0.000956564,0.00282188,4.81189,0.151169,0.492482
12933,0,0,0,0,-0.000705873,-0.000947923,0.00278815,4.81531,0.164239,0.455525
12948,0,0,0,0,-0.000635802,-0.000965341,0.00272967,4.78045,0.167029,0.498355
12964,0,0,0,0,-0.00060025,-0.000982489,0.00267033,4.84782,0.27857,0.389494
12980,0,0,0,0,-0.000541281,-0.000964906,0.00260189,4.76224,0.194204,0.464004
12995,0,0,0,0,-0.000483445,-0.000991284,0.00257784,4.76383,0.308251,0.331172
13011,0,0,0,0,-0.000424485,-0.000973683,0.00250928,4.74252,0.227387,0.412297
13026,0,0,0,0,-0.000306776,-0.000999354,0.00235619,4.62804,0.357842,0.509744
13042,0,0,0,0,-0.000190008,-0.00100815,0.00226313,4.58506,0.345099,0.388341
13058,0,0,0,0,-9.67114e-005,-0.00105181,0.0021791,4.5947,0.423454,0.424789
13073,0,0,0,0,-3.43645e-006,-0.00109553,0.00209493,4.60535,0.534102,0.407491
13089,0,0,0,0,3.19422e-005,-0.00111276,0.00203508,4.67318,0.423137,0.351695
13104,0,0,0,0,9.15023e-005,-0.00111201,0.00190542,4.60611,0.403669,0.500441
13120,0,0,0,0,0.000161459,-0.00112957,0.00184598,4.57662,0.390753,0.376636
13136,0,0,0,0,0.000196755,-0.00114681,0.00178596,4.61808,0.485275,0.340069
13151,0,0,0,0,0.000244086,-0.00115505,0.00169095,4.59561,0.508446,0.349142
13167,0,0,0,0,0.000279327,-0.00117229,0.00163084,4.581,0.53122,0.342545
13182,0,0,0,0,0.000314546,-0.00118954,0.00157069,4.57072,0.55259,0.326796
13198,0,0,0,0,0.000350083,-0.00114559,0.00152628,4.59946,0.503973,0.269674
13214,0,0,0,0,0.000374098,-0.00112755,0.00145622,4.56441,0.498739,0.333834
13229,0,0,0,0,0.000398077,-0.0011095,0.00138613,4.55099,0.511112,0.332546
13245,0,0,0,0,0.000410054,-0.00110047,0.00135107,4.56375,0.541826,0.257105
13260,0,0,0,0,0.000433983,-0.00108241,0.00128093,4.52733,0.536866,0.323127
13276,0,0,0,0,0.000445934,-0.00107337,0.00124585,4.53922,0.568364,0.247564
13292,0,0,0,0,0.00046981,-0.0010553,0.00117565,4.50273,0.561876,0.316594
13307,0,0,0,0,0.000493284,-0.0010203,0.00116616,4.5103,0.584736,0.234751
13323,0,0,0,0,0.000528359,-0.00103751,0.00110574,4.46789,0.681161,0.215015
13338,0,0,0,0,0.00055217,-0.00101941,0.00103546,4.45398,0.59951,0.305797
13354,0,0,0,0,0.000564062,-0.00101036,0.00100031,4.46379,0.629962,0.234316
13370,0,0,0,0,0.000575946,-0.0010013,0.000965145,4.45335,0.643594,0.225229
13385,0,0,0,0,0.000599687,-0.000983187,0.000894797,4.43512,0.652696,0.236651
13401,0,0,0,0,0.000611545,-0.000974125,0.00085961,4.42257,0.664712,0.233837
13416,0,0,0,0,0.000635234,-0.000955995,0.000789211,4.38326,0.657667,0.307956
13432,0,0,0,0,0.000647065,-0.000946927,0.000753999,4.39172,0.687187,0.240096
13448,0,0,0,0,0.000658888,-0.000937856,0.000718779,4.37982,0.69969,0.235391
13463,0,0,0,0,0.000682507,-0.000919708,0.000648312,4.33509,0.688399,0.325996
13479,0,0,0,0,0.000694303,-0.00091063,0.000613067,4.34661,0.718883,0.251471
13494,0,0,0,0,0.000717728,-0.00087556,0.000603426,4.30659,0.671805,0.188542
13510,0,0,0,0,0.000729513,-0.000866476,0.000568163,4.31332,0.734028,0.245813
13526,0,0,0,0,0.000741288,-0.00085739,0.000532892,4.30037,0.745451,0.2434
13541,0,0,0,0,0.000753055,-0.000848302,0.000497612,4.28329,0.755119,0.250599
13557,0,0,0,0,0.000764813,-0.000839212,0.000462323,4.26848,0.765113,0.253731
13572,0,0,0,0,0.000764813,-0.000839212,0.000462323,4.28133,0.797937,0.171038
13588,0,0,0,0,0.000776562,-0.00083012,0.000427027,4.24034,0.789106,0.250049
13604,0,0,0,0,0.000788303,-0.000821025,0.000391722,4.2267,0.799997,0.249699
13619,0,0,0,0,0.000788303,-0.000821025,0.000391722,4.23757,0.831324,0.172819
13635,0,0,0,0,0.000800034,-0.000811928,0.000356408,4.19707,0.821403,0.253263
13650,0,0,0,0,0.000811757,-0.000802829,0.000321086,4.18221,0.832777,0.253835
13666,0,0,0,0,0.000811757,-0.000802829,0.000321086,4.19276,0.863898,0.177753
13682,0,0,0,0,0.000811757,-0.000802829,0.000321086,4.18059,0.875941,0.172937
13697,0,0,0,0,0.000823471,-0.000793727,0.000285756,4.14048,0.867717,0.249586
13713,0,0,0,0,0.000823471,-0.000793727,0.000285756,4.15157,0.897834,0.174607
13728,0,0,0,0,0.000835176,-0.000784624,0.000250417,4.11138,0.889526,0.251583
13744,0,0,0,0,0.000846858,-0.000758609,0.000276032,4.09288,0.856693,0.114254
13760,0,0,0,0,0.00085856,-0.000749501,0.000240685,4.07644,0.901305,0.25148
13775,0,0,0,0,0.00085856,-0.000749501,0.000240685,4.08781,0.932838,0.171787
